0.000000000000000000e+00	4.403668655049227141e+02	3.055542449200953570e+02
2.943703300000000311e+01	4.396562780700904796e+02	3.052312754523329659e+02
2.992241299999999882e+01	4.395360107804924610e+02	3.052709463373209928e+02
2.985835100000000253e+01	4.373947546348989022e+02	3.049442400279902472e+02
3.026974500000000035e+01	4.372421924864413540e+02	3.047632849122913967e+02
3.245694000000000301e+01	4.377064068452459082e+02	3.054331310103727901e+02
3.080046300000000059e+01	4.363571539260992154e+02	3.058446463763431780e+02
3.181612600000000057e+01	4.387075259256251343e+02	3.057781535923753040e+02
3.054763400000000217e+01	4.378377191632907852e+02	3.057577101945031472e+02
3.084248499999999638e+01	4.373439532491811406e+02	3.052740651627837565e+02
3.060139299999999807e+01	4.376649341278978227e+02	3.048307665220281137e+02
3.067409699999999617e+01	4.375570117042949505e+02	3.054808591006807319e+02
3.103951999999999956e+01	4.384181504891678856e+02	3.056193004573063376e+02
3.279891599999999841e+01	4.387355693821176033e+02	3.058459973882948475e+02
3.233409900000000192e+01	4.378745814071257882e+02	3.054590733143375019e+02
2.855464899999999773e+01	4.384696556543315751e+02	3.049981396558729330e+02
2.874642899999999912e+01	4.374061874601833892e+02	3.052155893412266323e+02
3.028865800000000164e+01	4.378979497572992159e+02	3.050148807060990066e+02
3.116728799999999922e+01	4.370294643767816751e+02	3.054324813748386305e+02
2.929258199999999945e+01	4.388246549334081124e+02	3.057950814846797698e+02
2.644708100000000073e+01	4.387255082086102789e+02	3.058224064200246630e+02
2.865031599999999656e+01	4.390577854655761030e+02	3.059742199204776512e+02
2.895083400000000395e+01	4.390399539924721353e+02	3.057520704382284862e+02
3.045991699999999724e+01	4.395430988449120377e+02	3.054274883796045970e+02
2.748142600000000257e+01	4.390530026379132096e+02	3.057559251340308606e+02
2.992610000000000170e+01	4.386950015240571474e+02	3.060561228641745970e+02
2.687884500000000187e+01	4.391719413642711629e+02	3.057197812525847098e+02
2.689972500000000011e+01	4.406745535698194089e+02	3.053075760081709973e+02
2.533929799999999943e+01	4.384813111037265116e+02	3.054043372088422075e+02
2.537360599999999877e+01	4.386830803620141523e+02	3.056823467235506655e+02
2.479600699999999946e+01	4.392175290369511345e+02	3.058658543894901527e+02
2.448329700000000031e+01	4.394022855043471623e+02	3.057263638427319847e+02
2.436815999999999960e+01	4.384710201246858787e+02	3.058496508695512262e+02
2.484309000000000012e+01	4.400930450305045838e+02	3.059426119897968306e+02
2.883637199999999723e+01	4.393288123664793261e+02	3.058632759688080114e+02
3.104717800000000238e+01	4.398679289663124905e+02	3.063079629899308998e+02
3.117135399999999734e+01	4.407681059661644554e+02	3.063106880097822682e+02
2.899813300000000282e+01	4.395326786002588619e+02	3.060494080473256986e+02
2.872099500000000205e+01	4.383007916758515421e+02	3.057007089881187198e+02
3.296162800000000459e+01	4.378304874704130043e+02	3.049892316004727491e+02
2.896407899999999813e+01	4.386688396003689832e+02	3.056424372556011235e+02
2.600230600000000081e+01	4.389706748055878620e+02	3.057230495517102327e+02
2.667441699999999827e+01	4.388511759282420144e+02	3.056690924339573030e+02
2.637587700000000268e+01	4.385897075012420032e+02	3.056478786718233209e+02
2.702996300000000218e+01	4.395413753034117121e+02	3.057898125380684178e+02
2.549690100000000115e+01	4.389043615463684773e+02	3.058415562958156215e+02
2.558609200000000072e+01	4.390416990782410949e+02	3.053922097207062620e+02
2.853436299999999903e+01	4.378359884403676574e+02	3.053839570498273588e+02
2.760287100000000038e+01	4.385601272202451355e+02	3.056175757611978270e+02
2.846586199999999778e+01	4.385023742171433128e+02	3.059159309409990897e+02
2.763673800000000114e+01	4.394557942865049540e+02	3.059305362425441217e+02
2.847308300000000258e+01	4.394682325109980070e+02	3.054708127458490026e+02
2.774831199999999853e+01	4.371414083972184130e+02	3.051676054209960398e+02
2.656376799999999960e+01	4.385572474696551240e+02	3.053741492779572582e+02
2.928948400000000163e+01	4.392448974396893391e+02	3.052580686063778330e+02
2.808685099999999935e+01	4.382860266703332286e+02	3.053001051995278772e+02
2.906739600000000223e+01	4.390825829189099068e+02	3.054536347726087797e+02
2.800356699999999677e+01	4.385413262550473519e+02	3.051708765946150379e+02
3.043305399999999850e+01	4.385113797214817168e+02	3.054871312455284738e+02
2.992480100000000220e+01	4.391456142678560468e+02	3.054338553827383862e+02
2.812786300000000139e+01	4.384103586453024946e+02	3.048546190692080131e+02
2.850981099999999913e+01	4.378096685253753435e+02	3.047341547950196627e+02
2.866584399999999988e+01	4.376862916796542322e+02	3.053527659207059628e+02
2.747166799999999753e+01	4.397011619633242958e+02	3.053547291997761022e+02
2.827332499999999982e+01	4.382817106351599250e+02	3.055658147564896581e+02
3.052118099999999856e+01	4.403843738139953530e+02	3.053750834883493326e+02
2.724621400000000193e+01	4.402689970734041367e+02	3.050322627683786436e+02
2.814167800000000241e+01	4.378016540573996167e+02	3.045290769297505449e+02
3.175013499999999667e+01	4.371309522454506009e+02	3.044224820867676158e+02
3.263510099999999881e+01	4.374355451170697506e+02	3.050682772976167030e+02
3.300069400000000286e+01	4.368768519583637726e+02	3.054309923871983870e+02
3.366510000000000247e+01	4.382377818711740929e+02	3.047592232529560192e+02
4.524268699999999654e+01	4.374277748174732210e+02	3.041421413578191846e+02
3.772192800000000545e+01	4.365534222144322030e+02	3.045682160334383752e+02
3.709550099999999873e+01	4.376210628152954314e+02	3.044200732612027878e+02
3.317659400000000147e+01	4.379215120058912021e+02	3.045473098421103941e+02
3.269899699999999854e+01	4.380717545547464056e+02	3.043485673605463830e+02
3.363223599999999891e+01	4.385284356009106546e+02	3.049343862642240310e+02
3.346347399999999794e+01	4.382700264600732680e+02	3.043409269567858928e+02
3.109008000000000038e+01	4.381107568626108559e+02	3.041436016005243914e+02
2.847139400000000009e+01	4.362608295005079526e+02	3.039228146282007401e+02
3.008007600000000181e+01	4.380800419167932205e+02	3.033489363705806454e+02
2.723355499999999907e+01	4.370071086072398430e+02	3.040044962358971929e+02
2.776153199999999899e+01	4.379432214473705471e+02	3.035987154844872862e+02
2.915979199999999949e+01	4.374196741724223330e+02	3.036360609042223473e+02
2.842085300000000103e+01	4.380327378840361234e+02	3.035621634249621934e+02
2.583326900000000137e+01	4.382854808821916208e+02	3.038120373971548247e+02
2.653352399999999989e+01	4.388159941373696711e+02	3.039980947388411892e+02
2.659301400000000015e+01	4.374795744209764621e+02	3.037434807268438135e+02
