0.000000000000000000e+00
2.943703300000000311e+01
2.992241299999999882e+01
2.985835100000000253e+01
3.026974500000000035e+01
3.245694000000000301e+01
3.080046300000000059e+01
3.181612600000000057e+01
3.054763400000000217e+01
3.084248499999999638e+01
3.060139299999999807e+01
3.067409699999999617e+01
3.103951999999999956e+01
3.279891599999999841e+01
3.233409900000000192e+01
2.855464899999999773e+01
2.874642899999999912e+01
3.028865800000000164e+01
3.116728799999999922e+01
2.929258199999999945e+01
2.644708100000000073e+01
2.865031599999999656e+01
2.895083400000000395e+01
3.045991699999999724e+01
2.748142600000000257e+01
2.992610000000000170e+01
2.687884500000000187e+01
2.689972500000000011e+01
2.533929799999999943e+01
2.537360599999999877e+01
2.479600699999999946e+01
2.448329700000000031e+01
2.436815999999999960e+01
2.484309000000000012e+01
2.883637199999999723e+01
3.104717800000000238e+01
3.117135399999999734e+01
2.899813300000000282e+01
2.872099500000000205e+01
3.296162800000000459e+01
2.896407899999999813e+01
2.600230600000000081e+01
2.667441699999999827e+01
2.637587700000000268e+01
2.702996300000000218e+01
2.549690100000000115e+01
2.558609200000000072e+01
2.853436299999999903e+01
2.760287100000000038e+01
2.846586199999999778e+01
2.763673800000000114e+01
2.847308300000000258e+01
2.774831199999999853e+01
2.656376799999999960e+01
2.928948400000000163e+01
2.808685099999999935e+01
2.906739600000000223e+01
2.800356699999999677e+01
3.043305399999999850e+01
2.992480100000000220e+01
2.812786300000000139e+01
2.850981099999999913e+01
2.866584399999999988e+01
2.747166799999999753e+01
2.827332499999999982e+01
3.052118099999999856e+01
2.724621400000000193e+01
2.814167800000000241e+01
3.175013499999999667e+01
3.263510099999999881e+01
3.300069400000000286e+01
3.366510000000000247e+01
4.524268699999999654e+01
3.772192800000000545e+01
3.709550099999999873e+01
3.317659400000000147e+01
3.269899699999999854e+01
3.363223599999999891e+01
3.346347399999999794e+01
3.109008000000000038e+01
2.847139400000000009e+01
3.008007600000000181e+01
2.723355499999999907e+01
2.776153199999999899e+01
2.915979199999999949e+01
2.842085300000000103e+01
2.583326900000000137e+01
2.653352399999999989e+01
2.659301400000000015e+01
