0.000000000000000000e+00	4.403668655049227141e+02	3.055542449200953570e+02
7.380900000000001349e-02	4.396562780700904796e+02	3.052312754523329659e+02
5.600485000000001573e-02	4.395360107804924610e+02	3.052709463373209928e+02
5.513544999999998864e-02	4.373947546348989022e+02	3.049442400279902472e+02
1.773344999999999783e-02	4.372421924864413540e+02	3.047632849122913967e+02
2.738219999999999543e-02	4.377064068452459082e+02	3.054331310103727901e+02
7.079035000000000188e-02	4.363571539260992154e+02	3.058446463763431780e+02
7.125120000000000064e-02	4.387075259256251343e+02	3.057781535923753040e+02
3.135330000000000061e-02	4.378377191632907852e+02	3.057577101945031472e+02
3.912714999999998555e-02	4.373439532491811406e+02	3.052740651627837565e+02
6.753186499999999648e-02	4.376649341278978227e+02	3.048307665220281137e+02
3.814226500000000158e-02	4.375570117042949505e+02	3.054808591006807319e+02
2.111754999999999882e-02	4.384181504891678856e+02	3.056193004573063376e+02
3.918814500000000062e-02	4.387355693821176033e+02	3.058459973882948475e+02
6.501956500000000139e-02	4.378745814071257882e+02	3.054590733143375019e+02
6.175497900000000151e-02	4.384696556543315751e+02	3.049981396558729330e+02
7.826178899999999827e-02	4.374061874601833892e+02	3.052155893412266323e+02
8.412228499999999110e-02	4.378979497572992159e+02	3.050148807060990066e+02
3.225205499999999476e-02	4.370294643767816751e+02	3.054324813748386305e+02
6.521533399999999980e-02	4.388246549334081124e+02	3.057950814846797698e+02
4.911973900000000254e-02	4.387255082086102789e+02	3.058224064200246630e+02
1.664151900000000045e-02	4.390577854655761030e+02	3.059742199204776512e+02
4.769051400000000329e-02	4.390399539924721353e+02	3.057520704382284862e+02
1.261677119999999874e-01	4.395430988449120377e+02	3.054274883796045970e+02
8.088426499999996910e-02	4.390530026379132096e+02	3.057559251340308606e+02
6.153792000000000290e-02	4.386950015240571474e+02	3.060561228641745970e+02
1.074590950000000045e-01	4.391719413642711629e+02	3.057197812525847098e+02
7.306433499999999415e-02	4.406745535698194089e+02	3.053075760081709973e+02
2.774313999999999600e-02	4.384813111037265116e+02	3.054043372088422075e+02
1.989067250000000134e-02	4.386830803620141523e+02	3.056823467235506655e+02
4.746288750000000195e-02	4.392175290369511345e+02	3.058658543894901527e+02
4.719544500000000253e-02	4.394022855043471623e+02	3.057263638427319847e+02
6.222663499999998848e-02	4.384710201246858787e+02	3.058496508695512262e+02
6.164888999999999786e-02	4.400930450305045838e+02	3.059426119897968306e+02
6.660109000000000168e-02	4.393288123664793261e+02	3.058632759688080114e+02
1.242228099999999752e-01	4.398679289663124905e+02	3.063079629899308998e+02
1.041879299999999980e-01	4.407681059661644554e+02	3.063106880097822682e+02
3.191842999999999764e-02	4.395326786002588619e+02	3.060494080473256986e+02
7.605319999999998748e-02	4.383007916758515421e+02	3.057007089881187198e+02
4.293158999999999864e-02	4.378304874704130043e+02	3.049892316004727491e+02
2.981386000000000452e-02	4.386688396003689832e+02	3.056424372556011235e+02
2.050766000000000394e-02	4.389706748055878620e+02	3.057230495517102327e+02
3.737755999999999718e-02	4.388511759282420144e+02	3.056690924339573030e+02
4.199428999999999662e-02	4.385897075012420032e+02	3.056478786718233209e+02
2.251256000000000090e-02	4.395413753034117121e+02	3.057898125380684178e+02
2.383696000000000773e-02	4.389043615463684773e+02	3.058415562958156215e+02
4.709619599999999295e-02	4.390416990782410949e+02	3.053922097207062620e+02
3.101936400000000066e-02	4.378359884403676574e+02	3.053839570498273588e+02
2.826868999999999910e-02	4.385601272202451355e+02	3.056175757611978270e+02
8.020921000000000300e-02	4.385023742171433128e+02	3.059159309409990897e+02
7.160885000000000167e-02	4.394557942865049540e+02	3.059305362425441217e+02
3.392991999999999536e-02	4.394682325109980070e+02	3.054708127458490026e+02
5.964229999999998838e-02	4.371414083972184130e+02	3.051676054209960398e+02
3.129105499999999818e-02	4.385572474696551240e+02	3.053741492779572582e+02
5.917706850000001295e-02	4.392448974396893391e+02	3.052580686063778330e+02
3.832080150000000129e-02	4.382860266703332286e+02	3.053001051995278772e+02
2.247167000000001649e-02	4.390825829189099068e+02	3.054536347726087797e+02
2.647931999999999716e-02	4.385413262550473519e+02	3.051708765946150379e+02
1.779133000000000103e-02	4.385113797214817168e+02	3.054871312455284738e+02
5.471949499999999300e-02	4.391456142678560468e+02	3.054338553827383862e+02
4.144474999999998854e-02	4.384103586453024946e+02	3.048546190692080131e+02
7.433577000000000934e-02	4.378096685253753435e+02	3.047341547950196627e+02
3.305013000000000395e-02	4.376862916796542322e+02	3.053527659207059628e+02
4.960277999999999909e-02	4.397011619633242958e+02	3.053547291997761022e+02
4.129179999999999656e-02	4.382817106351599250e+02	3.055658147564896581e+02
1.383027500000000021e-01	4.403843738139953530e+02	3.053750834883493326e+02
6.945140000000001035e-02	4.402689970734041367e+02	3.050322627683786436e+02
6.007680000000002740e-02	4.378016540573996167e+02	3.045290769297505449e+02
5.299985000000000113e-02	4.371309522454506009e+02	3.044224820867676158e+02
2.464129999999999793e-02	4.374355451170697506e+02	3.050682772976167030e+02
7.826134999999999342e-02	4.368768519583637726e+02	3.054309923871983870e+02
1.316314500000000109e-01	4.382377818711740929e+02	3.047592232529560192e+02
5.427212500000000439e-01	4.374277748174732210e+02	3.041421413578191846e+02
1.280669500000000127e-01	4.365534222144322030e+02	3.045682160334383752e+02
2.369137000000000881e-01	4.376210628152954314e+02	3.044200732612027878e+02
1.793758500000000033e-01	4.379215120058912021e+02	3.045473098421103941e+02
8.223110000000002917e-02	4.380717545547464056e+02	3.043485673605463830e+02
6.925909999999999012e-02	4.385284356009106546e+02	3.049343862642240310e+02
9.351010000000001265e-02	4.382700264600732680e+02	3.043409269567858928e+02
1.083050499999999583e-01	4.381107568626108559e+02	3.041436016005243914e+02
4.798339999999998856e-02	4.362608295005079526e+02	3.039228146282007401e+02
1.283976000000000561e-01	4.380800419167932205e+02	3.033489363705806454e+02
5.702469999999993516e-02	4.370071086072398430e+02	3.040044962358971929e+02
2.006295000000000994e-02	4.379432214473705471e+02	3.035987154844872862e+02
5.127140000000008496e-02	4.374196741724223330e+02	3.036360609042223473e+02
4.123454999999992543e-02	4.380327378840361234e+02	3.035621634249621934e+02
1.176528499999999755e-01	4.382854808821916208e+02	3.038120373971548247e+02
5.907584999999997838e-02	4.388159941373696711e+02	3.039980947388411892e+02
6.253799999999996861e-02	4.374795744209764621e+02	3.037434807268438135e+02
