0.000000000000000000e+00
7.380900000000001349e-02
5.600485000000001573e-02
5.513544999999998864e-02
1.773344999999999783e-02
2.738219999999999543e-02
7.079035000000000188e-02
7.125120000000000064e-02
3.135330000000000061e-02
3.912714999999998555e-02
6.753186499999999648e-02
3.814226500000000158e-02
2.111754999999999882e-02
3.918814500000000062e-02
6.501956500000000139e-02
6.175497900000000151e-02
7.826178899999999827e-02
8.412228499999999110e-02
3.225205499999999476e-02
6.521533399999999980e-02
4.911973900000000254e-02
1.664151900000000045e-02
4.769051400000000329e-02
1.261677119999999874e-01
8.088426499999996910e-02
6.153792000000000290e-02
1.074590950000000045e-01
7.306433499999999415e-02
2.774313999999999600e-02
1.989067250000000134e-02
4.746288750000000195e-02
4.719544500000000253e-02
6.222663499999998848e-02
6.164888999999999786e-02
6.660109000000000168e-02
1.242228099999999752e-01
1.041879299999999980e-01
3.191842999999999764e-02
7.605319999999998748e-02
4.293158999999999864e-02
2.981386000000000452e-02
2.050766000000000394e-02
3.737755999999999718e-02
4.199428999999999662e-02
2.251256000000000090e-02
2.383696000000000773e-02
4.709619599999999295e-02
3.101936400000000066e-02
2.826868999999999910e-02
8.020921000000000300e-02
7.160885000000000167e-02
3.392991999999999536e-02
5.964229999999998838e-02
3.129105499999999818e-02
5.917706850000001295e-02
3.832080150000000129e-02
2.247167000000001649e-02
2.647931999999999716e-02
1.779133000000000103e-02
5.471949499999999300e-02
4.144474999999998854e-02
7.433577000000000934e-02
3.305013000000000395e-02
4.960277999999999909e-02
4.129179999999999656e-02
1.383027500000000021e-01
6.945140000000001035e-02
6.007680000000002740e-02
5.299985000000000113e-02
2.464129999999999793e-02
7.826134999999999342e-02
1.316314500000000109e-01
5.427212500000000439e-01
1.280669500000000127e-01
2.369137000000000881e-01
1.793758500000000033e-01
8.223110000000002917e-02
6.925909999999999012e-02
9.351010000000001265e-02
1.083050499999999583e-01
4.798339999999998856e-02
1.283976000000000561e-01
5.702469999999993516e-02
2.006295000000000994e-02
5.127140000000008496e-02
4.123454999999992543e-02
1.176528499999999755e-01
5.907584999999997838e-02
6.253799999999996861e-02
