0.000000000000000000e+00	-4.952899949999999690e-02
7.380900000000001349e-02	-9.628558269999999697e-02
5.600485000000001573e-02	-9.323236460000000614e-02
5.513544999999998864e-02	-5.176914430000000011e-02
1.773344999999999783e-02	-8.098660100000000181e-03
2.738219999999999543e-02	-1.044403465000000031e-01
7.079035000000000188e-02	-7.707278269999999487e-02
7.125120000000000064e-02	-1.033239979000000058e-01
3.135330000000000061e-02	-1.653469469999999802e-02
3.912714999999998555e-02	-3.404483810000000221e-02
6.753186499999999648e-02	-8.764690859999998973e-02
3.814226500000000158e-02	-6.945090600000000322e-03
2.111754999999999882e-02	-3.799825280000000000e-02
3.918814500000000062e-02	3.058129910000000062e-02
6.501956500000000139e-02	-3.949635940000000012e-02
6.175497900000000151e-02	-3.431033540000000270e-02
7.826178899999999827e-02	6.403535900000000003e-02
8.412228499999999110e-02	1.108389599999999977e-03
3.225205499999999476e-02	-9.272991020000000140e-02
6.521533399999999980e-02	2.941408300000000059e-03
4.911973900000000254e-02	5.341975730000000228e-02
1.664151900000000045e-02	9.152222509999999311e-02
4.769051400000000329e-02	6.942579559999999261e-02
1.261677119999999874e-01	4.547248909999999922e-02
8.088426499999996910e-02	5.043684639999999886e-02
6.153792000000000290e-02	1.191543411999999996e-01
1.074590950000000045e-01	9.402207969999999693e-02
7.306433499999999415e-02	1.001944891000000060e-01
2.774313999999999600e-02	7.256066440000000228e-02
1.989067250000000134e-02	4.381626240000000005e-02
4.746288750000000195e-02	6.734893730000000855e-02
4.719544500000000253e-02	9.757359420000000227e-02
6.222663499999998848e-02	1.182436166999999982e-01
6.164888999999999786e-02	1.125216512999999974e-01
6.660109000000000168e-02	5.173071440000000243e-02
1.242228099999999752e-01	5.858822629999999726e-02
1.041879299999999980e-01	1.118246764000000032e-01
3.191842999999999764e-02	1.308109996000000053e-01
7.605319999999998748e-02	1.318618678000000044e-01
4.293158999999999864e-02	-3.223697849999999920e-02
2.981386000000000452e-02	-2.899433920000000012e-02
2.050766000000000394e-02	-3.522489900000000049e-03
3.737755999999999718e-02	4.438238900000000126e-02
4.199428999999999662e-02	1.409275569999999915e-02
2.251256000000000090e-02	1.036327520000000085e-02
2.383696000000000773e-02	-4.680285999999999865e-04
4.709619599999999295e-02	-4.605680610000000008e-02
3.101936400000000066e-02	-6.411527770000000070e-02
2.826868999999999910e-02	-3.672456000000000266e-04
8.020921000000000300e-02	3.150092770000000042e-02
7.160885000000000167e-02	8.599539100000001129e-03
3.392991999999999536e-02	-3.199371919999999953e-02
5.964229999999998838e-02	-5.441222739999999891e-02
3.129105499999999818e-02	-4.619607790000000019e-02
5.917706850000001295e-02	-2.812907610000000072e-02
3.832080150000000129e-02	3.369471009999999711e-02
2.247167000000001649e-02	-2.478084319999999952e-02
2.647931999999999716e-02	-1.127200587999999948e-01
1.779133000000000103e-02	-3.071517669999999922e-02
5.471949499999999300e-02	1.342522020000000080e-02
4.144474999999998854e-02	-1.303383230000000059e-01
7.433577000000000934e-02	-1.159667478000000057e-01
3.305013000000000395e-02	-6.402759510000000098e-02
4.960277999999999909e-02	-7.195035069999999866e-02
4.129179999999999656e-02	-4.259916190000000158e-02
1.383027500000000021e-01	-3.582084829999999942e-02
6.945140000000001035e-02	-6.611895389999999928e-02
6.007680000000002740e-02	-7.245248879999999225e-02
5.299985000000000113e-02	-2.557659525000000045e-01
2.464129999999999793e-02	-2.078573179000000049e-01
7.826134999999999342e-02	-2.269895048999999998e-01
1.316314500000000109e-01	-2.581917203999999910e-01
5.427212500000000439e-01	-1.587430169000000058e-01
1.280669500000000127e-01	-2.949837760000000308e-01
2.369137000000000881e-01	-1.838854145999999912e-01
1.793758500000000033e-01	-5.422163120000000197e-02
8.223110000000002917e-02	-8.412402000000000031e-04
6.925909999999999012e-02	1.115163722999999996e-01
9.351010000000001265e-02	5.754482230000001336e-02
1.083050499999999583e-01	9.776772509999999416e-02
4.798339999999998856e-02	1.030921875999999959e-01
1.283976000000000561e-01	1.086488230999999999e-01
5.702469999999993516e-02	1.819757449000000138e-01
2.006295000000000994e-02	1.267852423000000173e-01
5.127140000000008496e-02	2.295170239999999862e-01
4.123454999999992543e-02	1.949371434999999930e-01
1.176528499999999755e-01	1.989372762999999933e-01
5.907584999999997838e-02	2.192947600000000052e-01
6.253799999999996861e-02	1.736490282999999801e-01
