0.000000000000000000e+00	-1.003935690999999963e-01
2.943703300000000311e+01	-8.742215479999999872e-02
2.992241299999999882e+01	-6.379079900000000913e-02
2.985835100000000253e+01	-4.879859350000000096e-02
3.026974500000000035e+01	-4.020313999999999876e-04
3.245694000000000301e+01	-6.634927599999999870e-02
3.080046300000000059e+01	-8.733106939999998874e-02
3.181612600000000057e+01	-9.812791340000000251e-02
3.054763400000000217e+01	-1.939629210000000034e-02
3.084248499999999638e+01	-4.071998200000000179e-02
3.060139299999999807e+01	-6.019823719999999739e-02
3.067409699999999617e+01	-3.041829739999999879e-02
3.103951999999999956e+01	-2.531140830000000105e-02
3.279891599999999841e+01	-2.038440760000000129e-02
3.233409900000000192e+01	-5.008954030000000585e-02
2.855464899999999773e+01	1.076191760000000039e-02
2.874642899999999912e+01	2.126475900000000113e-02
3.028865800000000164e+01	2.827726410000000121e-02
3.116728799999999922e+01	-2.283424610000000035e-02
2.929258199999999945e+01	4.863153999999999958e-04
2.644708100000000073e+01	5.200210479999999719e-02
2.865031599999999656e+01	4.579456710000000264e-02
2.895083400000000395e+01	1.626458240000000152e-02
3.045991699999999724e+01	2.280528019999999989e-02
2.748142600000000257e+01	6.278043030000000913e-02
2.992610000000000170e+01	6.219418040000000009e-02
2.687884500000000187e+01	7.926774070000000560e-02
2.689972500000000011e+01	8.362704769999999843e-02
2.533929799999999943e+01	8.064858510000000313e-02
2.537360599999999877e+01	6.004974970000000190e-02
2.479600699999999946e+01	6.150619379999999747e-02
2.448329700000000031e+01	6.839884110000001016e-02
2.436815999999999960e+01	9.290956790000000354e-02
2.484309000000000012e+01	1.298607752999999809e-01
2.883637199999999723e+01	1.044430184999999983e-01
3.104717800000000238e+01	1.799123219999999856e-02
3.117135399999999734e+01	9.329866189999999615e-02
2.899813300000000282e+01	1.334993083999999886e-01
2.872099500000000205e+01	1.148868195999999953e-01
3.296162800000000459e+01	7.902707740000000647e-02
2.896407899999999813e+01	2.055055470000000106e-02
2.600230600000000081e+01	4.297038040000000086e-02
2.667441699999999827e+01	8.266998779999999714e-02
2.637587700000000268e+01	5.688878790000000130e-02
2.702996300000000218e+01	-1.861705929999999884e-02
2.549690100000000115e+01	-2.347079250000000047e-02
2.558609200000000072e+01	-2.673985510000000121e-02
2.853436299999999903e+01	4.200685159999999890e-02
2.760287100000000038e+01	2.838492499999999835e-02
2.846586199999999778e+01	-2.274942510000000154e-02
2.763673800000000114e+01	-2.207971160000000294e-02
2.847308300000000258e+01	1.907090070000000068e-02
2.774831199999999853e+01	1.501324339999999917e-02
2.656376799999999960e+01	4.469464000000000249e-03
2.928948400000000163e+01	-1.034015750000000060e-02
2.808685099999999935e+01	-1.156249020000000086e-02
2.906739600000000223e+01	-9.723621770000000220e-02
2.800356699999999677e+01	-9.266569750000000494e-02
3.043305399999999850e+01	-6.614843450000000569e-02
2.992480100000000220e+01	-7.832193880000000441e-02
2.812786300000000139e+01	-1.099987949999999964e-01
2.850981099999999913e+01	-1.142741262000000063e-01
2.866584399999999988e+01	-1.249828837999999998e-01
2.747166799999999753e+01	-1.707312696999999935e-01
2.827332499999999982e+01	-1.502298135000000034e-01
3.052118099999999856e+01	-9.000677689999998787e-02
2.724621400000000193e+01	-1.571366520999999961e-01
2.814167800000000241e+01	-1.445855523000000031e-01
3.175013499999999667e+01	-2.075613866999999890e-01
3.263510099999999881e+01	-1.768307687000000017e-01
3.300069400000000286e+01	-2.397530358999999944e-01
3.366510000000000247e+01	-1.915790276999999875e-01
4.524268699999999654e+01	-6.939379599999999371e-02
3.772192800000000545e+01	-2.297740967000000134e-01
3.709550099999999873e+01	-1.757349329000000016e-01
3.317659400000000147e+01	-6.039782159999999844e-02
3.269899699999999854e+01	-7.465021700000000308e-03
3.363223599999999891e+01	6.361712299999999938e-03
3.346347399999999794e+01	6.747785309999999870e-02
3.109008000000000038e+01	9.367874099999999593e-02
2.847139400000000009e+01	7.596429229999999977e-02
3.008007600000000181e+01	1.554732310999999978e-01
2.723355499999999907e+01	1.750275753000000156e-01
2.776153199999999899e+01	2.386011198000000111e-01
2.915979199999999949e+01	2.437823794000000543e-01
2.842085300000000103e+01	2.132070859999999901e-01
2.583326900000000137e+01	1.807717285999999868e-01
2.653352399999999989e+01	2.010693893999999926e-01
2.659301400000000015e+01	2.268491301999999987e-01
