0.000000000000000000e+00	-1.003935690999999963e-01
7.380900000000001349e-02	-8.742215479999999872e-02
5.600485000000001573e-02	-6.379079900000000913e-02
5.513544999999998864e-02	-4.879859350000000096e-02
1.773344999999999783e-02	-4.020313999999999876e-04
2.738219999999999543e-02	-6.634927599999999870e-02
7.079035000000000188e-02	-8.733106939999998874e-02
7.125120000000000064e-02	-9.812791340000000251e-02
3.135330000000000061e-02	-1.939629210000000034e-02
3.912714999999998555e-02	-4.071998200000000179e-02
6.753186499999999648e-02	-6.019823719999999739e-02
3.814226500000000158e-02	-3.041829739999999879e-02
2.111754999999999882e-02	-2.531140830000000105e-02
3.918814500000000062e-02	-2.038440760000000129e-02
6.501956500000000139e-02	-5.008954030000000585e-02
6.175497900000000151e-02	1.076191760000000039e-02
7.826178899999999827e-02	2.126475900000000113e-02
8.412228499999999110e-02	2.827726410000000121e-02
3.225205499999999476e-02	-2.283424610000000035e-02
6.521533399999999980e-02	4.863153999999999958e-04
4.911973900000000254e-02	5.200210479999999719e-02
1.664151900000000045e-02	4.579456710000000264e-02
4.769051400000000329e-02	1.626458240000000152e-02
1.261677119999999874e-01	2.280528019999999989e-02
8.088426499999996910e-02	6.278043030000000913e-02
6.153792000000000290e-02	6.219418040000000009e-02
1.074590950000000045e-01	7.926774070000000560e-02
7.306433499999999415e-02	8.362704769999999843e-02
2.774313999999999600e-02	8.064858510000000313e-02
1.989067250000000134e-02	6.004974970000000190e-02
4.746288750000000195e-02	6.150619379999999747e-02
4.719544500000000253e-02	6.839884110000001016e-02
6.222663499999998848e-02	9.290956790000000354e-02
6.164888999999999786e-02	1.298607752999999809e-01
6.660109000000000168e-02	1.044430184999999983e-01
1.242228099999999752e-01	1.799123219999999856e-02
1.041879299999999980e-01	9.329866189999999615e-02
3.191842999999999764e-02	1.334993083999999886e-01
7.605319999999998748e-02	1.148868195999999953e-01
4.293158999999999864e-02	7.902707740000000647e-02
2.981386000000000452e-02	2.055055470000000106e-02
2.050766000000000394e-02	4.297038040000000086e-02
3.737755999999999718e-02	8.266998779999999714e-02
4.199428999999999662e-02	5.688878790000000130e-02
2.251256000000000090e-02	-1.861705929999999884e-02
2.383696000000000773e-02	-2.347079250000000047e-02
4.709619599999999295e-02	-2.673985510000000121e-02
3.101936400000000066e-02	4.200685159999999890e-02
2.826868999999999910e-02	2.838492499999999835e-02
8.020921000000000300e-02	-2.274942510000000154e-02
7.160885000000000167e-02	-2.207971160000000294e-02
3.392991999999999536e-02	1.907090070000000068e-02
5.964229999999998838e-02	1.501324339999999917e-02
3.129105499999999818e-02	4.469464000000000249e-03
5.917706850000001295e-02	-1.034015750000000060e-02
3.832080150000000129e-02	-1.156249020000000086e-02
2.247167000000001649e-02	-9.723621770000000220e-02
2.647931999999999716e-02	-9.266569750000000494e-02
1.779133000000000103e-02	-6.614843450000000569e-02
5.471949499999999300e-02	-7.832193880000000441e-02
4.144474999999998854e-02	-1.099987949999999964e-01
7.433577000000000934e-02	-1.142741262000000063e-01
3.305013000000000395e-02	-1.249828837999999998e-01
4.960277999999999909e-02	-1.707312696999999935e-01
4.129179999999999656e-02	-1.502298135000000034e-01
1.383027500000000021e-01	-9.000677689999998787e-02
6.945140000000001035e-02	-1.571366520999999961e-01
6.007680000000002740e-02	-1.445855523000000031e-01
5.299985000000000113e-02	-2.075613866999999890e-01
2.464129999999999793e-02	-1.768307687000000017e-01
7.826134999999999342e-02	-2.397530358999999944e-01
1.316314500000000109e-01	-1.915790276999999875e-01
5.427212500000000439e-01	-6.939379599999999371e-02
1.280669500000000127e-01	-2.297740967000000134e-01
2.369137000000000881e-01	-1.757349329000000016e-01
1.793758500000000033e-01	-6.039782159999999844e-02
8.223110000000002917e-02	-7.465021700000000308e-03
6.925909999999999012e-02	6.361712299999999938e-03
9.351010000000001265e-02	6.747785309999999870e-02
1.083050499999999583e-01	9.367874099999999593e-02
4.798339999999998856e-02	7.596429229999999977e-02
1.283976000000000561e-01	1.554732310999999978e-01
5.702469999999993516e-02	1.750275753000000156e-01
2.006295000000000994e-02	2.386011198000000111e-01
5.127140000000008496e-02	2.437823794000000543e-01
4.123454999999992543e-02	2.132070859999999901e-01
1.176528499999999755e-01	1.807717285999999868e-01
5.907584999999997838e-02	2.010693893999999926e-01
6.253799999999996861e-02	2.268491301999999987e-01
