0.000000000000000000e+00	-4.952899949999999690e-02
2.943703300000000311e+01	-9.628558269999999697e-02
2.992241299999999882e+01	-9.323236460000000614e-02
2.985835100000000253e+01	-5.176914430000000011e-02
3.026974500000000035e+01	-8.098660100000000181e-03
3.245694000000000301e+01	-1.044403465000000031e-01
3.080046300000000059e+01	-7.707278269999999487e-02
3.181612600000000057e+01	-1.033239979000000058e-01
3.054763400000000217e+01	-1.653469469999999802e-02
3.084248499999999638e+01	-3.404483810000000221e-02
3.060139299999999807e+01	-8.764690859999998973e-02
3.067409699999999617e+01	-6.945090600000000322e-03
3.103951999999999956e+01	-3.799825280000000000e-02
3.279891599999999841e+01	3.058129910000000062e-02
3.233409900000000192e+01	-3.949635940000000012e-02
2.855464899999999773e+01	-3.431033540000000270e-02
2.874642899999999912e+01	6.403535900000000003e-02
3.028865800000000164e+01	1.108389599999999977e-03
3.116728799999999922e+01	-9.272991020000000140e-02
2.929258199999999945e+01	2.941408300000000059e-03
2.644708100000000073e+01	5.341975730000000228e-02
2.865031599999999656e+01	9.152222509999999311e-02
2.895083400000000395e+01	6.942579559999999261e-02
3.045991699999999724e+01	4.547248909999999922e-02
2.748142600000000257e+01	5.043684639999999886e-02
2.992610000000000170e+01	1.191543411999999996e-01
2.687884500000000187e+01	9.402207969999999693e-02
2.689972500000000011e+01	1.001944891000000060e-01
2.533929799999999943e+01	7.256066440000000228e-02
2.537360599999999877e+01	4.381626240000000005e-02
2.479600699999999946e+01	6.734893730000000855e-02
2.448329700000000031e+01	9.757359420000000227e-02
2.436815999999999960e+01	1.182436166999999982e-01
2.484309000000000012e+01	1.125216512999999974e-01
2.883637199999999723e+01	5.173071440000000243e-02
3.104717800000000238e+01	5.858822629999999726e-02
3.117135399999999734e+01	1.118246764000000032e-01
2.899813300000000282e+01	1.308109996000000053e-01
2.872099500000000205e+01	1.318618678000000044e-01
3.296162800000000459e+01	-3.223697849999999920e-02
2.896407899999999813e+01	-2.899433920000000012e-02
2.600230600000000081e+01	-3.522489900000000049e-03
2.667441699999999827e+01	4.438238900000000126e-02
2.637587700000000268e+01	1.409275569999999915e-02
2.702996300000000218e+01	1.036327520000000085e-02
2.549690100000000115e+01	-4.680285999999999865e-04
2.558609200000000072e+01	-4.605680610000000008e-02
2.853436299999999903e+01	-6.411527770000000070e-02
2.760287100000000038e+01	-3.672456000000000266e-04
2.846586199999999778e+01	3.150092770000000042e-02
2.763673800000000114e+01	8.599539100000001129e-03
2.847308300000000258e+01	-3.199371919999999953e-02
2.774831199999999853e+01	-5.441222739999999891e-02
2.656376799999999960e+01	-4.619607790000000019e-02
2.928948400000000163e+01	-2.812907610000000072e-02
2.808685099999999935e+01	3.369471009999999711e-02
2.906739600000000223e+01	-2.478084319999999952e-02
2.800356699999999677e+01	-1.127200587999999948e-01
3.043305399999999850e+01	-3.071517669999999922e-02
2.992480100000000220e+01	1.342522020000000080e-02
2.812786300000000139e+01	-1.303383230000000059e-01
2.850981099999999913e+01	-1.159667478000000057e-01
2.866584399999999988e+01	-6.402759510000000098e-02
2.747166799999999753e+01	-7.195035069999999866e-02
2.827332499999999982e+01	-4.259916190000000158e-02
3.052118099999999856e+01	-3.582084829999999942e-02
2.724621400000000193e+01	-6.611895389999999928e-02
2.814167800000000241e+01	-7.245248879999999225e-02
3.175013499999999667e+01	-2.557659525000000045e-01
3.263510099999999881e+01	-2.078573179000000049e-01
3.300069400000000286e+01	-2.269895048999999998e-01
3.366510000000000247e+01	-2.581917203999999910e-01
4.524268699999999654e+01	-1.587430169000000058e-01
3.772192800000000545e+01	-2.949837760000000308e-01
3.709550099999999873e+01	-1.838854145999999912e-01
3.317659400000000147e+01	-5.422163120000000197e-02
3.269899699999999854e+01	-8.412402000000000031e-04
3.363223599999999891e+01	1.115163722999999996e-01
3.346347399999999794e+01	5.754482230000001336e-02
3.109008000000000038e+01	9.776772509999999416e-02
2.847139400000000009e+01	1.030921875999999959e-01
3.008007600000000181e+01	1.086488230999999999e-01
2.723355499999999907e+01	1.819757449000000138e-01
2.776153199999999899e+01	1.267852423000000173e-01
2.915979199999999949e+01	2.295170239999999862e-01
2.842085300000000103e+01	1.949371434999999930e-01
2.583326900000000137e+01	1.989372762999999933e-01
2.653352399999999989e+01	2.192947600000000052e-01
2.659301400000000015e+01	1.736490282999999801e-01
