4.016109999999999819e-02	-8.227800000000000391e-02	-2.723360000000000017e-02	-4.653899999999999877e-04	-0.000000000000000000e+00	8.003539999999997575e-04
4.261869999999999548e-02	-2.580599999999999908e-02	-3.770339999999999803e-02	-3.869710000000000055e-04	-0.000000000000000000e+00	8.101270000000000042e-04
3.357030000000000430e-02	-6.143029999999999845e-03	-5.204659999999999842e-02	-4.415419999999999545e-04	8.746759999999998228e-05	6.931599999999999567e-04
2.632639999999999980e-02	-2.577020000000000005e-02	-3.415429999999999855e-02	-4.415419999999999545e-04	-3.107249999999999881e-23	5.731859999999999429e-04
2.845640000000000322e-02	-3.201559999999999823e-02	-3.700919999999999904e-02	-3.748969999999999581e-04	3.451039999999999780e-23	6.366040000000000327e-04
3.354509999999999437e-02	-2.951879999999999782e-02	-2.505270000000000066e-02	-4.415419999999999545e-04	-0.000000000000000000e+00	5.464450000000000036e-04
2.097219999999999987e-02	-2.578799999999999842e-02	-2.332700000000000051e-02	2.815529999999999791e-04	1.767679999999999989e-04	7.018010000000000524e-04
1.399199999999999923e-02	-2.864060000000000217e-02	-2.974820000000000242e-02	-1.148200000000000018e-04	-2.064109999999999860e-04	3.814090000000000340e-04
9.514850000000000044e-03	-3.144090000000000079e-02	-4.421159999999999674e-02	-1.014999999999999870e-04	-3.606750000000000255e-04	3.567440000000000389e-04
1.272120000000000022e-02	-4.473140000000000449e-02	-3.209750000000000103e-02	-2.481249999999999732e-04	-3.023950000000000075e-04	3.513249999999999880e-04
1.545320000000000027e-02	-1.686110000000000039e-02	-4.934739999999999960e-02	3.987230000000000109e-05	-4.012530000000000155e-04	3.445869999999999858e-04
1.547229999999999786e-02	-2.265559999999999796e-02	-3.814010000000000317e-02	-1.195920000000000029e-04	-2.367709999999999867e-04	2.461060000000000049e-04
1.548249999999999800e-02	-1.647150000000000003e-02	-3.574909999999999893e-02	-2.292499999999999887e-04	-2.956850000000000125e-04	3.281790000000000033e-04
1.547640000000000127e-02	-1.029039999999999989e-02	-2.036100000000000063e-02	-5.939609999999999871e-05	-2.438890000000000090e-04	1.975719999999999983e-04
3.970579999999999596e-03	-1.936070000000000152e-02	-3.751680000000000292e-02	-3.437059999999999920e-04	-1.800179999999999966e-04	0.000000000000000000e+00
8.457819999999997840e-03	-1.015989999999999949e-02	-2.393990000000000007e-02	5.599780000000000450e-06	-0.000000000000000000e+00	1.604770000000000155e-04
6.570460000000000189e-03	8.175790000000000488e-03	-3.223489999999999689e-02	-3.318730000000000529e-04	-4.969249999999999492e-04	0.000000000000000000e+00
1.547420000000000219e-02	-2.145970000000000169e-02	-2.779959999999999723e-02	5.955210000000000196e-05	-2.139270000000000136e-04	1.485320000000000206e-04
9.785449999999999357e-03	-2.146609999999999838e-02	-4.127499999999999919e-02	-7.086500000000000676e-05	-3.002590000000000402e-04	1.036510000000000008e-04
5.556659999999999724e-03	-3.715600000000000136e-05	-2.644159999999999913e-02	-4.415419999999999545e-04	-3.204150000000000010e-04	0.000000000000000000e+00
2.430830000000000143e-03	-8.875349999999998431e-04	-4.518069999999999899e-03	-2.605659999999999986e-04	-1.337640000000000020e-04	-9.677299999999998978e-05
4.315659999999999809e-04	-2.808450000000000096e-03	-1.986579999999999943e-03	-2.753209999999999750e-04	-2.260329999999999956e-04	0.000000000000000000e+00
-3.665180000000000304e-04	1.086879999999999964e-02	2.035640000000000366e-02	-1.228970000000000127e-04	-2.910529999999999931e-04	0.000000000000000000e+00
-8.998950000000000352e-03	-7.464720000000000209e-03	-2.648520000000000388e-02	6.968019999999999466e-04	-6.354879999999999709e-05	0.000000000000000000e+00
-8.671230000000000257e-03	1.717449999999999533e-02	-1.042049999999999921e-02	2.532810000000000031e-04	4.917270000000000440e-05	-2.408099999999999932e-04
-1.424089999999999905e-02	4.131900000000000156e-02	1.109749999999999973e-02	8.299059999999999109e-05	1.701009999999999830e-05	-2.444720000000000270e-04
-1.174640000000000059e-02	1.171680000000000030e-03	-7.052219999999999669e-03	7.618510000000000212e-04	2.702880000000000115e-05	-3.308719999999999595e-24
-2.581299999999999914e-02	1.856390000000000123e-02	3.943330000000000099e-03	4.266499999999999893e-04	3.620309999999999902e-05	-2.678240000000000026e-04
-2.500070000000000070e-02	2.771919999999999940e-02	1.013179999999999983e-02	3.422530000000000450e-04	6.396449999999999380e-05	-3.874069999999999857e-04
-1.891110000000000013e-02	2.500190000000000051e-02	1.013050000000000062e-02	4.626300000000000074e-04	9.430049999999999609e-06	-3.406690000000000412e-04
-1.696299999999999544e-02	3.934100000000000097e-02	4.408959999999999962e-03	6.297780000000000001e-04	3.321380000000000512e-04	-3.598960000000000115e-04
-1.641459999999999794e-02	4.596390000000000198e-02	-6.424789999999999668e-03	4.287369999999999441e-04	5.518310000000000364e-05	-2.540840000000000156e-04
-1.175100000000000103e-02	4.596639999999999754e-02	1.801609999999999670e-02	6.514790000000000554e-04	4.392299999999999807e-04	-1.984800000000000106e-04
-1.175799999999999935e-02	2.994089999999999946e-02	7.737380000000000299e-03	8.205950000000000267e-04	3.771659999999999732e-05	-3.346040000000000104e-04
-4.325769999999999615e-03	4.596109999999999779e-02	-9.755029999999999604e-03	1.279839999999999971e-03	3.771659999999999732e-05	-2.807239999999999909e-04
1.877710000000000099e-03	6.992459999999999821e-03	-3.008430000000000132e-02	1.585169999999999461e-03	6.260909999999999523e-04	0.000000000000000000e+00
-1.169960000000000097e-02	2.688179999999999736e-02	-3.754819999999999859e-03	1.003949999999999981e-03	5.950209999999999397e-04	-2.755459999999999941e-04
-1.170979999999999938e-02	2.797780000000000059e-02	-1.050049999999999942e-02	1.003949999999999981e-03	3.192070000000000085e-04	-4.810630000000000526e-04
-1.170049999999999910e-02	4.238139999999999963e-02	2.603360000000000049e-02	8.538800000000000036e-04	5.950209999999999397e-04	-4.048230000000000101e-04
-1.169890000000000513e-02	4.238980000000000525e-02	5.850710000000000285e-03	1.162120000000000644e-03	6.869169999999999963e-04	-3.501849999999999820e-04
-1.170049999999999910e-02	4.238709999999999700e-02	-1.208820000000000033e-02	1.071240000000000213e-03	5.950219999999999555e-04	-4.048230000000000101e-04
-1.170139999999999895e-02	4.238769999999999344e-02	-7.975440000000000307e-03	1.003949999999999981e-03	8.556000000000000888e-04	-4.048230000000000101e-04
-1.169510000000000514e-02	3.927800000000000041e-02	-2.733559999999999809e-02	1.172569999999999949e-03	8.125019999999999942e-04	-3.185129999999999776e-04
-5.764309999999999920e-03	4.651899999999999785e-02	-2.734529999999999600e-02	1.485430000000000040e-03	1.029189999999999923e-03	-2.718050000000000175e-04
-4.892249999999999897e-03	3.534690000000000054e-02	-2.734359999999999916e-02	1.439619999999999962e-03	9.346039999999999036e-04	-2.028669999999999942e-04
3.318590000000000168e-03	3.642850000000000255e-02	-2.733679999999999791e-02	1.400599999999999892e-03	1.021240000000000082e-03	-3.776860000000000292e-05
-2.396559999999999836e-04	4.239100000000000507e-02	-9.596679999999999794e-03	1.178919999999999968e-03	1.108339999999999976e-03	5.015800000000000326e-05
-1.131129999999999939e-03	4.238390000000000213e-02	-1.316090000000000142e-02	1.543370000000000072e-03	9.667389999999999881e-04	7.523840000000000118e-05
-2.907589999999999827e-03	4.238460000000000144e-02	1.335099999999999872e-03	1.419700000000000085e-03	1.041730000000000043e-03	1.164879999999999865e-04
8.473390000000000782e-03	1.722770000000000204e-02	1.861430000000000072e-03	8.384030000000000432e-04	1.094090000000000036e-03	3.457310000000000006e-04
8.457020000000000856e-03	4.873830000000000523e-02	-1.804729999999999876e-02	6.708889999999999255e-04	1.094090000000000036e-03	1.097820000000000138e-04
8.439200000000000867e-03	4.308009999999999617e-02	-3.668410000000000420e-02	8.630130000000000396e-04	1.094090000000000036e-03	1.095639999999999966e-04
1.736620000000000177e-02	4.124509999999999982e-02	-6.583510000000000750e-02	1.200920000000000069e-03	1.147620000000000020e-03	1.064150000000000035e-04
8.425669999999997953e-03	5.582739999999999925e-02	-6.583669999999999800e-02	1.282280000000000008e-03	1.094090000000000036e-03	8.597250000000000399e-05
8.406250000000000527e-03	3.864719999999999961e-02	-8.809739999999999238e-02	1.409459999999999966e-03	9.160289999999999535e-04	-3.121470000000000117e-06
1.138360000000000066e-02	2.717170000000000002e-02	-1.068450000000000094e-01	1.381059999999999927e-03	9.693969999999999887e-04	-2.376050000000000061e-05
8.414539999999999867e-03	2.355550000000000005e-02	-1.144990000000000036e-01	1.395790000000000051e-03	1.094090000000000036e-03	-4.898569999999999417e-05
8.412060000000000717e-03	3.427190000000000097e-02	-1.214599999999999846e-01	1.464709999999999927e-03	1.158710000000000078e-03	-9.143450000000001370e-05
8.399959999999997984e-03	3.173899999999999638e-02	-1.152960000000000096e-01	1.578049999999999462e-03	1.094090000000000036e-03	-9.512110000000000649e-05
8.418850000000000292e-03	2.696620000000000267e-02	-1.499369999999999870e-01	1.578049999999999462e-03	1.094090000000000036e-03	2.106149999999999884e-04
8.408890000000000461e-03	3.588030000000000386e-02	-1.348349999999999826e-01	1.777240000000000026e-03	1.094090000000000036e-03	6.143120000000000232e-05
3.093010000000000204e-03	4.366549999999999598e-02	-1.217930000000000124e-01	2.318919999999999922e-03	1.367079999999999901e-03	2.106149999999999884e-04
1.690579999999999904e-03	4.582169999999999993e-02	-1.415780000000000372e-01	2.279760000000000033e-03	1.522050000000000052e-03	2.106149999999999884e-04
-1.673129999999999756e-02	5.152160000000000073e-02	-1.545080000000000064e-01	2.328520000000000156e-03	1.724309999999999949e-03	2.106149999999999884e-04
-6.629999999999999609e-03	7.041859999999999786e-02	-1.545020000000000004e-01	2.219669999999999976e-03	1.587410000000000036e-03	2.106149999999999884e-04
-2.239160000000000109e-02	2.698929999999999732e-02	-1.917740000000000000e-01	2.782290000000000197e-03	1.781180000000000046e-03	2.910219999999999929e-04
-2.760960000000000150e-02	3.713019999999999515e-02	-2.144570000000000087e-01	2.532289999999999975e-03	1.528580000000000086e-03	4.166119999999999611e-04
-3.146190000000000098e-02	6.615019999999999234e-02	-2.052579999999999960e-01	2.676710000000000114e-03	1.444769999999999952e-03	5.484919999999999249e-04
-3.934100000000000097e-02	6.718949999999999922e-02	-2.005210000000000048e-01	2.308469999999999966e-03	1.781180000000000046e-03	4.662530000000000233e-04
-4.856529999999999875e-02	6.542509999999999992e-02	-1.954950000000000021e-01	2.417219999999999872e-03	1.781180000000000046e-03	5.300349999999999897e-04
-4.856449999999999656e-02	8.016130000000000477e-02	-1.591930000000000012e-01	1.997130000000000172e-03	1.781180000000000046e-03	4.056780000000000282e-04
-4.190569999999999712e-02	5.649930000000000230e-02	-1.126729999999999954e-01	2.468300000000000528e-03	1.351599999999999894e-03	2.106149999999999884e-04
2.816349999999999756e-02	9.731560000000000210e-02	-1.514520000000000033e-01	-6.401500000000000289e-04	-1.971940000000000151e-03	-1.218530000000000004e-03
1.806040000000000076e-02	6.040869999999999573e-02	-1.045160000000000117e-01	-1.658309999999999916e-04	-1.905400000000000236e-03	-1.076970000000000011e-03
-1.524670000000000192e-02	7.666689999999996841e-02	-2.065929999999999711e-01	6.231659999999999760e-04	-1.482510000000000034e-03	-5.834290000000000006e-04
-4.166450000000000015e-02	7.673520000000000341e-02	-3.212260000000000115e-01	4.361140000000000329e-04	-9.044269999999999653e-04	-5.834290000000000006e-04
-4.156800000000000078e-02	9.087549999999999795e-02	-3.202190000000000314e-01	-4.758680000000000050e-04	-4.766630000000000541e-04	-5.834290000000000006e-04
-4.897769999999999901e-02	1.062519999999999992e-01	-3.102409999999999890e-01	-8.462800000000000357e-04	-8.361489999999998984e-04	-5.834290000000000006e-04
-6.604750000000000898e-02	9.848700000000000510e-02	-3.478550000000000253e-01	-1.108019999999999925e-03	-4.766630000000000541e-04	-5.834290000000000006e-04
-6.612869999999999859e-02	9.875539999999999319e-02	-3.899770000000000181e-01	-2.118049999999999794e-03	-7.833019999999999350e-04	-5.834290000000000006e-04
-6.609680000000001110e-02	9.881879999999999831e-02	-4.197800000000000420e-01	-2.353989999999999815e-03	-6.575399999999999691e-04	-5.834290000000000006e-04
-6.612560000000000660e-02	1.171480000000000021e-01	-4.794700000000000073e-01	-3.339990000000000146e-03	-6.785319999999999199e-04	-5.834290000000000006e-04
-8.111350000000000504e-02	1.170269999999999921e-01	-5.028749999999999609e-01	-3.642390000000000124e-03	-6.107159999999999716e-04	-5.834290000000000006e-04
-7.870620000000000394e-02	1.120540000000000008e-01	-5.090479999999999450e-01	-3.581319999999999816e-03	-6.798389999999998991e-04	-5.834290000000000006e-04
-8.460840000000000027e-02	9.927919999999999801e-02	-5.212289999999999424e-01	-3.660629999999999787e-03	-8.886389999999999871e-04	-7.035869999999999841e-04
-8.455889999999999240e-02	9.930089999999998363e-02	-5.433689999999999909e-01	-3.612470000000000004e-03	-7.884380000000000294e-04	-4.714809999999999943e-04
-6.703350000000000974e-02	7.908729999999999927e-02	-5.734989999999999810e-01	-4.245589999999999607e-03	-1.039310000000000104e-03	-3.597960000000000090e-04
-6.210560000000000386e-02	8.481610000000000538e-02	-5.806520000000000570e-01	-4.053829999999999587e-03	-1.449240000000000077e-03	-5.834290000000000006e-04
-6.372400000000000286e-02	7.584470000000000101e-02	-5.630199999999999649e-01	-3.556319999999999967e-03	-1.302730000000000641e-03	-5.411250000000000478e-04
